# This file was produced by samtools stats (1.16.1-51-gcfded15+htslib-1.16-41-g826ceea) and can be plotted using plot-bamstats
# This file contains statistics for all reads.
# The command line was:  stats
# CHK, Checksum	[2]Read Names	[3]Sequences	[4]Qualities
# CHK, CRC32 of reads which passed filtering followed by addition (32bit overflow)
CHK	4c6945ba	0ffe11a8	a6c2e786
# Summary Numbers. Use `grep ^SN | cut -f 2-` to extract this part.
SN	raw total sequences:	36142	# excluding supplementary and secondary reads
SN	filtered sequences:	0
SN	sequences:	36142
SN	is sorted:	1
SN	1st fragments:	15758
SN	last fragments:	7409
SN	reads mapped:	35511
SN	reads mapped and paired:	26529	# paired-end technology bit set + both mates mapped
SN	reads unmapped:	631
SN	reads properly paired:	26134	# proper-pair bit set
SN	reads paired:	27791	# paired-end technology bit set
SN	reads duplicated:	0	# PCR or optical duplicate bit set
SN	reads MQ0:	1319	# mapped and MQ=0
SN	reads QC failed:	0
SN	non-primary alignments:	0
SN	supplementary alignments:	0
SN	total length:	1474950	# ignores clipping
SN	total first fragment length:	637701	# ignores clipping
SN	total last fragment length:	274071	# ignores clipping
SN	bases mapped:	1448431	# ignores clipping
SN	bases mapped (cigar):	1448431	# more accurate
SN	bases trimmed:	0
SN	bases duplicated:	0
SN	mismatches:	37755	# from NM fields
SN	error rate:	2.606614e-02	# mismatches / bases mapped (cigar)
SN	average length:	40
SN	average first fragment length:	40
SN	average last fragment length:	37
SN	maximum length:	76
SN	maximum first fragment length:	76
SN	maximum last fragment length:	48
SN	average quality:	15.9
SN	insert size average:	164.4
SN	insert size standard deviation:	57.1
SN	inward oriented pairs:	13032
SN	outward oriented pairs:	90
SN	pairs with other orientation:	1
SN	pairs on different chromosomes:	114
SN	percentage of properly paired reads (%):	72.3
# First Fragment Qualities. Use `grep ^FFQ | cut -f 2-` to extract this part.
# Columns correspond to qualities and rows to cycles. First column is the cycle number.
FFQ	1	3	0	0	0	0	7	7	3	12	7	219	6	9	29	24	21	36	40	39	63	68	44	121	82	95	160	144	247	599	475	283	2674	3797	1237	821	968	594	590	767	689	778	0
FFQ	2	0	6	6	3	11	8	18	28	31	27	41	36	43	54	49	60	76	86	104	133	149	171	225	364	364	619	610	813	1619	2242	2894	2482	1057	550	354	208	69	47	37	34	30	0
FFQ	3	0	4	10	11	10	16	18	27	22	29	26	40	42	70	60	76	92	105	116	110	161	171	249	337	366	486	651	638	1344	2036	2530	2476	1500	794	509	288	175	66	17	28	52	0
FFQ	4	0	6	2	9	14	13	11	33	27	38	35	54	56	62	55	69	80	95	119	127	158	190	254	310	384	462	659	621	968	1969	2139	2739	1650	999	628	255	224	115	40	44	45	0
FFQ	5	0	5	6	8	10	30	22	22	38	20	41	52	37	62	58	66	80	102	112	125	162	184	225	268	321	448	535	720	825	1711	1957	2773	1987	1149	702	396	196	151	55	34	63	0
FFQ	6	0	6	5	12	12	19	21	25	32	30	47	49	48	65	53	71	87	82	109	135	138	170	231	272	324	468	522	616	803	1528	2023	2178	2480	1298	732	521	214	169	58	44	61	0
FFQ	7	0	6	4	12	14	15	26	17	28	31	26	41	61	51	65	59	85	94	115	119	169	172	228	278	316	413	489	571	829	1346	1940	1930	2799	1437	782	534	267	195	87	55	52	0
FFQ	8	0	3	9	6	14	20	22	27	23	26	27	48	58	50	81	78	67	89	95	110	140	158	212	297	311	365	465	602	700	1404	1961	2087	2678	1446	834	547	287	183	100	49	79	0
FFQ	9	0	11	3	9	12	16	27	30	26	23	42	54	58	52	56	65	72	78	97	122	149	147	197	308	324	396	439	595	821	1396	2007	1920	2586	1344	1024	550	302	186	106	41	67	0
FFQ	10	0	6	3	5	13	12	27	13	27	43	39	50	52	49	66	65	92	93	102	128	152	169	206	273	275	410	463	588	690	1286	2025	1936	2649	1305	939	676	417	180	115	66	53	0
FFQ	11	0	3	6	5	10	16	20	28	28	41	42	44	49	59	87	82	77	97	96	119	168	158	202	294	302	419	392	462	793	1330	1956	1998	2555	1425	932	662	363	224	113	65	36	0
FFQ	12	0	9	5	6	13	21	26	23	28	37	35	60	61	61	59	75	81	101	122	129	135	150	196	282	313	314	428	503	739	1281	1916	1932	2594	1469	853	751	510	230	102	85	23	0
FFQ	13	0	25	16	23	20	29	29	46	37	54	69	77	69	73	86	89	124	109	133	122	134	165	240	240	274	381	434	484	764	1250	1892	1967	2400	1461	827	648	490	254	100	92	31	0
FFQ	14	0	11	7	14	20	23	36	36	48	54	68	71	62	89	64	91	117	101	108	141	169	207	202	275	278	359	458	546	796	1227	1931	1849	2368	1551	842	616	470	276	106	45	26	0
FFQ	15	0	14	9	14	26	30	31	43	43	63	62	62	68	84	72	87	123	90	134	143	156	220	210	271	349	391	471	612	802	1229	1939	1887	2250	1493	800	620	505	199	97	45	14	0
FFQ	16	0	7	15	24	22	32	40	37	55	43	62	73	92	91	116	93	113	117	146	179	189	187	198	290	302	422	453	543	825	1210	1912	1857	2310	1515	835	540	477	201	77	45	13	0
FFQ	17	0	12	7	21	24	21	48	49	47	61	84	79	75	86	83	106	116	112	135	188	167	213	270	339	317	378	428	558	759	1343	1875	1801	2298	1505	845	538	398	221	82	31	38	0
FFQ	18	0	10	12	16	20	34	45	57	55	68	80	89	96	96	99	103	118	140	153	162	211	209	268	259	385	396	517	594	796	1311	1855	1825	2180	1441	710	574	467	183	75	36	13	0
FFQ	19	0	14	15	28	27	25	47	56	54	50	85	91	94	127	96	110	117	122	154	175	199	258	246	340	368	403	501	608	857	1330	1785	1812	2070	1391	782	574	389	220	83	34	21	0
FFQ	20	0	17	25	31	21	40	53	68	54	65	70	98	106	97	109	135	134	145	168	174	235	265	265	369	421	495	495	658	873	1380	1779	1882	1940	1317	661	494	324	185	65	36	9	0
FFQ	21	0	21	13	28	28	27	50	74	76	74	92	93	86	102	118	121	136	172	194	180	247	245	306	372	352	465	505	577	855	1278	1834	1733	2056	1429	666	554	296	184	80	22	17	0
FFQ	22	0	25	18	26	37	46	61	62	74	85	106	101	122	99	119	133	131	171	167	189	235	261	278	392	382	471	515	633	875	1385	1813	1789	1953	1328	624	441	311	171	81	29	19	0
FFQ	23	0	22	26	26	36	43	67	69	67	86	109	103	100	124	139	136	134	169	224	240	217	298	349	434	472	435	528	689	891	1309	1678	1710	1938	1323	632	431	259	174	42	19	10	0
FFQ	24	0	15	16	34	40	43	70	77	83	89	102	125	124	120	146	152	143	188	221	232	247	303	351	405	436	536	539	689	902	1281	1747	1651	1968	1300	499	402	222	175	58	20	7	0
FFQ	25	0	33	21	31	46	32	58	94	110	110	140	109	126	127	145	166	184	158	259	216	310	372	336	419	418	510	558	604	1011	1421	1716	1662	1810	1102	592	343	199	136	63	7	4	0
FFQ	26	0	25	31	28	37	67	82	107	68	119	97	108	138	162	172	198	212	206	272	275	262	323	375	389	469	516	582	726	925	1288	1689	1555	1739	1167	576	353	213	133	49	21	4	0
FFQ	27	0	43	26	39	48	72	87	97	93	110	136	155	157	173	171	198	241	260	243	298	286	409	345	425	487	566	642	675	907	1270	1644	1514	1672	1135	451	338	180	103	32	22	8	0
FFQ	28	0	34	40	36	60	56	101	113	122	151	111	150	186	204	196	221	248	278	312	275	308	353	402	459	518	560	559	720	939	1166	1539	1478	1714	1065	470	276	174	110	29	19	6	0
FFQ	29	0	57	55	72	87	100	107	121	112	127	162	201	204	228	210	217	266	268	267	292	383	326	383	429	469	550	536	707	881	1160	1495	1557	1607	921	475	317	200	131	48	23	7	0
FFQ	30	0	67	53	83	101	81	128	109	113	141	164	180	194	219	215	260	284	310	308	378	354	370	419	475	499	570	562	688	873	1143	1481	1414	1547	916	398	295	214	100	40	6	6	0
FFQ	31	0	56	68	94	103	117	111	135	148	165	183	209	204	239	259	295	299	296	377	367	388	388	443	453	515	551	651	697	868	1225	1491	1471	1276	621	407	261	194	73	33	20	7	0
FFQ	32	0	145	86	92	102	126	128	138	181	194	192	222	243	247	287	272	276	313	362	383	393	420	462	466	552	552	626	754	968	1173	1518	1446	1090	540	317	233	139	78	28	12	2	0
FFQ	33	0	162	89	98	105	131	158	146	176	191	208	217	301	278	287	288	325	377	345	390	357	481	482	535	512	554	706	817	1016	1342	1442	1380	807	370	272	204	122	50	18	8	11	0
FFQ	34	0	482	69	106	126	127	139	138	196	175	229	258	261	282	265	327	322	333	403	408	428	450	508	512	536	581	741	846	996	1355	1440	1173	600	315	234	180	107	60	28	10	12	0
FFQ	35	0	519	105	128	139	134	158	173	186	184	223	250	282	301	302	329	361	403	389	391	410	525	482	503	557	586	696	877	916	1442	1418	936	592	359	230	143	66	35	18	6	4	0
FFQ	36	0	425	128	189	164	201	202	245	294	282	320	338	375	394	374	391	438	444	511	454	515	548	539	591	651	655	711	822	972	1055	870	542	304	199	153	97	56	18	10	4	5	0
FFQ	37	0	98	65	102	96	89	80	62	92	99	106	114	146	195	175	194	207	223	242	217	254	273	288	291	315	303	279	291	279	313	272	233	235	171	123	82	47	14	7	5	3	0
FFQ	38	0	96	139	90	93	76	87	77	90	122	116	164	150	199	179	207	223	249	240	258	279	297	291	286	287	262	296	308	277	291	233	200	192	133	93	57	22	7	10	3	1	0
FFQ	39	0	135	130	101	110	104	84	105	106	120	131	135	195	192	205	212	207	261	268	246	254	275	314	285	304	336	304	259	260	255	203	184	119	116	79	31	26	23	4	2	0	0
FFQ	40	0	116	143	87	105	107	78	101	110	142	122	155	208	249	229	240	240	284	243	300	264	284	306	291	279	316	275	296	263	218	218	130	93	88	53	24	6	7	4	2	4	0
FFQ	41	0	846	261	127	149	142	149	153	114	142	141	134	174	198	197	188	202	200	183	202	214	213	213	191	203	182	149	173	163	106	85	77	34	30	19	12	10	10	2	2	1	0
FFQ	42	0	1211	243	114	113	115	116	138	117	141	107	170	174	189	223	170	232	171	234	203	225	207	200	202	201	181	156	121	87	73	46	40	25	12	9	8	6	5	4	1	1	0
FFQ	43	0	831	253	128	178	151	162	153	169	155	146	206	201	254	191	221	223	252	218	229	226	206	216	186	184	155	131	105	71	65	47	19	13	11	6	11	5	5	2	3	3	0
FFQ	44	0	968	240	155	181	133	127	156	194	157	171	233	205	253	183	240	218	246	240	197	217	205	221	202	161	127	101	77	54	39	22	15	11	7	3	8	13	5	1	5	0	0
FFQ	45	0	938	294	148	179	166	161	151	191	157	213	209	237	234	245	252	218	264	229	209	213	215	198	167	133	109	60	58	37	26	18	15	10	7	8	8	3	4	2	4	1	0
FFQ	46	0	1004	263	162	178	139	156	148	190	229	180	234	275	243	249	205	228	177	201	187	154	207	201	155	162	117	108	77	49	39	21	9	9	4	9	4	8	7	2	1	0	0
FFQ	47	0	857	337	173	202	149	152	187	183	204	224	234	302	303	291	312	342	262	220	209	203	159	106	105	64	54	43	21	17	15	12	5	8	13	6	6	4	5	1	1	0	0
FFQ	48	0	31	66	0	6	2	3	0	2	1	0	2	4	7	8	0	7	3	8	7	4	1	6	3	3	2	3	3	0	4	5	3	6	4	2	6	9	4	1	1	0	0
FFQ	49	0	1	0	0	0	0	1	0	4	3	3	1	6	9	6	5	2	1	9	5	5	9	0	2	2	3	2	1	0	0	4	1	1	10	4	1	9	2	4	1	0	0
FFQ	50	0	2	2	0	0	1	0	0	5	1	1	1	2	5	7	4	0	5	6	7	5	7	1	5	1	4	5	2	3	1	3	2	2	5	5	7	5	3	2	0	0	0
FFQ	51	0	5	1	2	1	2	0	0	2	3	1	1	5	4	3	3	3	7	1	2	5	2	3	1	1	7	1	3	1	8	4	4	7	6	9	2	2	2	1	2	0	0
FFQ	52	0	0	0	0	0	1	1	0	1	0	0	2	0	0	0	0	1	2	1	1	0	0	0	1	2	4	4	2	5	7	2	4	7	3	3	2	0	1	0	1	0	0
FFQ	53	0	0	0	0	0	0	0	0	1	2	0	1	2	1	0	1	0	2	2	0	0	2	0	0	0	3	3	3	1	2	5	3	6	2	8	4	1	2	1	0	0	0
FFQ	54	0	0	0	0	0	1	0	1	1	2	2	1	1	0	0	1	0	0	0	2	3	0	1	1	3	2	1	2	4	3	3	3	0	5	2	1	2	6	1	3	0	0
FFQ	55	0	0	0	1	0	0	0	0	1	0	0	1	0	1	1	0	0	1	1	1	2	0	0	2	1	1	2	1	2	5	6	5	3	6	5	4	2	1	2	0	0	0
FFQ	56	0	0	0	0	0	0	1	0	0	1	2	0	1	1	0	0	0	0	0	1	2	2	0	0	3	0	1	1	2	3	9	4	1	7	4	3	4	3	2	0	0	0
FFQ	57	0	0	0	0	0	0	0	1	0	0	3	2	0	1	0	0	1	1	1	0	1	0	1	3	0	2	2	3	3	1	4	5	2	7	5	3	1	2	1	0	2	0
FFQ	58	0	0	0	1	1	2	0	1	0	1	0	0	2	0	2	1	1	2	0	1	1	1	1	3	1	2	2	1	2	5	3	2	1	6	2	3	4	1	1	0	1	0
FFQ	59	0	0	0	0	1	0	0	0	0	0	0	1	2	1	1	0	2	2	1	2	2	2	1	2	5	1	3	3	1	2	5	3	6	3	4	2	0	0	0	0	0	0
FFQ	60	0	0	0	0	1	0	0	2	2	3	1	2	0	0	0	3	0	2	0	1	1	0	1	3	2	4	5	0	7	1	7	3	0	1	3	1	1	1	0	0	0	0
FFQ	61	0	2	0	0	0	0	0	0	1	1	3	0	0	2	4	0	1	0	2	0	1	1	3	1	3	2	3	0	3	3	2	7	4	4	3	2	0	0	0	0	0	0
FFQ	62	0	0	0	0	0	0	1	2	1	2	0	1	3	0	3	1	2	3	0	5	1	1	3	1	2	2	2	1	4	2	2	5	0	2	1	3	0	1	1	0	0	0
FFQ	63	0	0	1	0	1	0	0	0	1	1	0	1	2	1	1	1	3	1	0	2	3	6	2	5	0	2	1	3	2	1	2	4	3	4	2	1	0	0	1	0	0	0
FFQ	64	0	0	0	0	0	0	0	0	1	0	0	1	0	1	3	0	2	2	1	1	1	1	0	4	1	5	0	3	2	5	1	2	4	3	4	5	1	3	1	0	0	0
FFQ	65	0	2	1	0	1	0	1	0	1	0	0	1	1	2	1	1	0	3	2	1	0	0	1	2	2	2	1	5	3	3	4	4	2	3	1	1	1	3	2	0	0	0
FFQ	66	0	0	0	0	1	0	1	0	0	1	3	2	2	1	1	1	2	0	2	1	1	6	2	0	3	4	4	7	1	2	0	1	6	1	0	1	1	0	0	0	0	0
FFQ	67	0	3	0	0	0	0	0	0	1	3	1	1	0	1	0	0	0	5	0	4	0	4	0	1	2	3	2	3	4	2	5	5	2	0	2	3	1	0	0	0	0	0
FFQ	68	0	0	0	0	0	0	0	0	0	1	0	3	3	4	1	0	0	5	1	1	2	1	3	6	2	2	4	1	4	0	1	1	6	4	1	0	0	1	0	0	0	0
FFQ	69	0	1	0	0	1	1	2	1	1	1	0	1	0	0	2	0	0	1	3	2	4	6	0	1	3	1	4	1	6	2	3	3	1	2	1	3	0	0	0	0	0	0
FFQ	70	0	2	0	1	1	0	2	0	0	2	1	3	0	2	2	2	3	2	2	3	1	3	4	1	2	2	3	1	4	1	4	2	1	1	0	0	0	0	0	0	0	0
FFQ	71	0	0	2	0	0	0	3	2	2	3	0	2	1	0	4	3	2	4	3	3	2	5	0	2	3	2	2	0	4	2	0	1	1	0	0	0	0	0	0	0	0	0
FFQ	72	0	0	0	1	0	0	1	0	4	3	2	5	0	2	4	3	4	4	4	5	1	1	4	2	4	0	0	1	2	1	0	0	0	0	0	0	0	0	0	0	0	0
FFQ	73	0	0	0	0	0	2	1	2	2	1	6	0	7	0	3	4	7	5	3	4	4	1	2	1	1	2	0	0	0	0	0	0	0	0	0	0	0	0	0	0	0	0
FFQ	74	0	0	1	3	0	1	0	4	6	1	5	3	4	2	5	0	6	3	3	2	0	1	0	0	2	0	1	5	0	0	0	0	0	0	0	0	0	0	0	0	0	0
FFQ	75	0	2	0	1	1	4	6	2	7	5	5	4	0	5	0	0	5	2	0	0	2	0	0	6	0	0	0	1	0	0	0	0	0	0	0	0	0	0	0	0	0	0
FFQ	76	0	2	0	1	0	0	2	7	6	9	1	8	3	1	1	0	2	4	1	0	1	1	2	2	2	1	0	0	0	1	0	0	0	0	0	0	0	0	0	0	0	0
# Last Fragment Qualities. Use `grep ^LFQ | cut -f 2-` to extract this part.
# Columns correspond to qualities and rows to cycles. First column is the cycle number.
LFQ	1	4	0	0	0	0	2	10	3	9	9	189	6	12	13	24	25	59	34	36	24	40	33	38	63	77	74	350	352	117	402	1977	1062	1412	824	111	10	8	0	0	0	0	0
LFQ	2	0	4	1	5	7	3	15	14	20	23	22	25	31	31	31	58	45	59	60	77	110	132	136	201	297	376	441	621	1457	1155	1352	568	18	3	5	6	0	0	0	0	0	0
LFQ	3	0	3	4	9	10	8	9	24	19	24	22	21	44	42	47	47	59	57	58	90	107	116	176	196	276	402	565	678	1332	1206	1056	637	51	8	6	0	0	0	0	0	0	0
LFQ	4	0	2	4	4	7	7	13	13	25	26	36	33	35	46	57	57	51	50	68	88	112	118	173	243	265	344	499	569	1162	1280	987	809	224	0	2	0	0	0	0	0	0	0
LFQ	5	0	3	3	7	9	4	9	19	19	14	40	36	36	42	47	45	51	81	71	77	131	122	170	218	238	330	468	661	929	1361	946	891	324	7	0	0	0	0	0	0	0	0
LFQ	6	0	0	2	11	4	7	5	9	25	24	33	40	38	51	50	42	57	72	55	86	107	107	170	257	205	276	413	523	863	1423	999	855	525	75	0	0	0	0	0	0	0	0
LFQ	7	0	3	3	6	8	4	14	13	20	27	31	38	37	53	39	46	76	65	56	76	111	127	184	246	196	311	343	518	641	1263	1085	968	688	113	0	0	0	0	0	0	0	0
LFQ	8	0	1	3	7	6	5	10	18	22	19	23	39	45	49	55	65	51	55	76	79	93	110	161	216	245	288	298	499	648	1204	1266	867	732	151	3	0	0	0	0	0	0	0
LFQ	9	0	2	2	3	5	12	10	21	23	31	39	30	43	65	54	73	54	52	62	88	112	125	203	251	207	285	373	496	730	1213	1075	890	653	124	3	0	0	0	0	0	0	0
LFQ	10	0	7	1	8	9	11	8	23	26	30	34	30	51	44	57	58	68	66	69	106	103	120	184	216	203	273	391	468	711	1233	1118	899	653	129	1	1	0	0	0	0	0	0
LFQ	11	0	4	2	6	5	11	9	14	33	28	33	47	62	56	63	68	74	73	56	106	122	132	188	218	193	283	284	486	795	1250	1079	929	561	138	0	1	0	0	0	0	0	0
LFQ	12	0	2	4	7	9	12	16	25	27	28	44	59	49	61	72	71	79	83	63	104	128	146	164	261	182	243	321	505	648	1102	1080	962	686	163	2	0	0	1	0	0	0	0
LFQ	13	0	4	1	9	10	7	14	19	39	33	42	64	64	70	75	104	84	84	97	110	98	96	190	236	248	193	304	390	643	1080	1074	1030	733	161	3	0	0	0	0	0	0	0
LFQ	14	0	3	5	5	4	11	9	20	28	25	46	50	67	88	86	80	103	103	88	91	131	153	170	251	240	197	287	379	688	993	1056	1075	617	258	2	0	0	0	0	0	0	0
LFQ	15	0	3	6	5	4	5	18	19	32	34	45	68	80	76	79	107	102	97	102	135	106	160	187	231	219	203	267	397	719	990	1011	1015	696	185	5	1	0	0	0	0	0	0
LFQ	16	0	5	8	10	11	8	11	25	35	45	51	64	71	73	97	98	104	95	118	151	103	149	186	219	247	253	236	390	634	972	1048	1010	699	176	5	2	0	0	0	0	0	0
LFQ	17	0	0	4	13	10	9	21	24	39	45	66	78	85	63	70	104	89	99	120	135	142	168	201	213	278	243	295	384	678	865	1049	880	753	184	2	0	0	0	0	0	0	0
LFQ	18	0	4	2	4	4	9	14	28	39	47	66	86	69	79	118	112	106	105	114	144	129	181	232	214	251	258	241	403	664	942	1001	948	652	140	2	1	0	0	0	0	0	0
LFQ	19	0	8	4	11	9	8	21	24	45	51	75	71	117	99	95	146	121	115	135	150	146	182	223	227	277	205	313	356	684	963	934	888	574	130	2	0	0	0	0	0	0	0
LFQ	20	0	6	5	6	12	10	14	39	56	54	78	70	100	114	121	141	140	145	139	140	111	198	233	185	276	235	241	384	713	885	969	860	568	160	0	1	0	0	0	0	0	0
LFQ	21	0	2	13	23	14	16	27	39	58	47	71	115	99	111	105	145	143	164	158	159	149	160	222	190	266	226	264	407	564	881	1077	830	465	198	1	0	0	0	0	0	0	0
LFQ	22	0	6	10	9	13	6	31	21	63	79	68	101	102	122	136	158	153	190	141	137	155	163	233	239	271	251	295	350	710	920	825	766	531	144	10	0	0	0	0	0	0	0
LFQ	23	0	1	7	7	13	20	20	35	65	49	95	105	117	114	162	169	167	187	164	164	137	173	230	219	276	240	321	380	609	917	852	745	512	128	9	0	0	0	0	0	0	0
LFQ	24	0	1	6	7	10	18	20	48	71	69	105	119	125	141	181	195	180	207	144	162	159	202	187	263	227	237	286	397	675	832	809	727	483	101	15	0	0	0	0	0	0	0
LFQ	25	0	5	15	12	18	12	30	78	92	80	99	133	111	123	175	175	216	173	156	157	148	190	214	268	236	239	336	385	684	888	761	706	369	123	2	0	0	0	0	0	0	0
LFQ	26	0	10	8	14	18	20	25	58	86	93	108	139	170	129	159	176	227	179	200	160	152	218	157	250	207	279	335	486	632	833	794	659	337	89	2	0	0	0	0	0	0	0
LFQ	27	0	6	13	10	13	18	34	68	94	108	113	158	141	150	198	235	251	192	205	158	195	209	196	211	219	262	337	440	641	759	747	628	310	86	4	0	0	0	0	0	0	0
LFQ	28	0	4	17	6	21	18	44	70	79	104	158	132	199	174	184	228	246	249	198	197	151	226	199	206	237	307	327	490	644	703	720	564	256	48	3	0	0	0	0	0	0	0
LFQ	29	0	5	16	19	29	28	43	93	100	114	141	157	197	205	239	253	282	239	211	196	191	198	216	184	319	269	361	426	538	663	736	442	237	58	4	0	0	0	0	0	0	0
LFQ	30	0	9	8	28	29	36	72	70	96	108	140	163	235	194	283	240	270	240	234	207	206	230	205	212	286	362	342	467	569	631	634	358	207	38	0	0	0	0	0	0	0	0
LFQ	31	0	8	14	27	35	43	74	87	96	153	165	213	233	256	276	265	206	280	268	244	252	263	213	225	294	352	362	531	668	617	427	191	57	12	2	0	0	0	0	0	0	0
LFQ	32	0	7	15	38	42	41	87	112	135	176	178	225	260	274	256	243	297	283	286	261	216	230	257	333	307	334	412	533	614	480	324	104	38	11	0	0	0	0	0	0	0	0
LFQ	33	0	3	23	40	34	60	102	118	154	200	220	212	256	274	317	301	287	258	267	287	261	266	218	340	292	408	402	529	602	336	216	92	24	10	0	0	0	0	0	0	0	0
LFQ	34	0	41	26	34	49	65	112	129	177	179	231	280	287	336	277	320	293	279	287	282	276	281	316	289	355	412	408	489	449	252	140	26	32	0	0	0	0	0	0	0	0	0
LFQ	35	0	32	41	53	58	100	119	163	193	194	212	242	295	326	332	338	289	316	283	279	276	270	287	322	349	340	366	518	406	240	137	18	15	0	0	0	0	0	0	0	0	0
LFQ	36	0	31	40	82	84	125	161	189	240	303	307	337	313	367	344	333	334	317	288	357	277	320	242	273	315	300	311	318	243	142	68	43	5	0	0	0	0	0	0	0	0	0
LFQ	37	0	5	26	10	24	31	26	33	47	39	33	31	38	39	43	44	45	33	60	42	47	45	46	64	39	37	34	20	26	44	33	9	4	0	0	0	0	0	0	0	0	0
LFQ	38	0	35	102	17	18	23	29	31	31	42	29	40	34	47	35	30	47	34	37	42	38	44	38	45	38	23	41	39	27	37	17	7	0	0	0	0	0	0	0	0	0	0
LFQ	39	0	48	81	28	18	25	20	19	41	49	41	44	23	42	24	40	33	58	36	47	43	38	25	48	49	34	29	41	24	23	15	10	1	0	0	0	0	0	0	0	0	0
LFQ	40	0	46	89	29	25	25	18	36	37	51	32	48	45	41	37	38	50	35	28	34	28	32	38	30	33	29	28	21	30	31	43	10	0	0	0	0	0	0	0	0	0	0
LFQ	41	0	24	80	9	5	11	22	11	16	20	16	7	14	16	13	22	11	12	17	20	8	11	13	6	7	3	1	8	2	2	0	0	0	0	0	0	0	0	0	0	0	0
LFQ	42	0	30	78	9	3	8	15	8	16	17	15	19	16	14	10	12	24	7	16	22	12	6	13	14	6	1	7	4	2	3	0	0	0	0	0	0	0	0	0	0	0	0
LFQ	43	0	36	78	3	8	6	18	12	21	14	18	25	14	13	19	22	15	12	13	10	8	15	5	4	5	6	3	3	0	1	0	0	0	0	0	0	0	0	0	0	0	0
LFQ	44	0	37	79	10	5	9	11	21	34	18	16	15	13	7	15	20	11	20	7	5	8	11	10	7	2	8	6	1	1	0	0	0	0	0	0	0	0	0	0	0	0	0
LFQ	45	0	32	86	9	8	6	27	17	18	19	16	19	16	23	9	11	14	22	15	7	6	7	9	1	5	2	3	0	0	0	0	0	0	0	0	0	0	0	0	0	0	0
LFQ	46	0	50	73	11	15	15	28	19	15	18	14	14	15	17	17	17	19	8	4	8	7	3	5	3	8	3	1	0	0	0	0	0	0	0	0	0	0	0	0	0	0	0
LFQ	47	0	40	82	9	19	17	27	29	11	26	10	15	10	11	24	15	13	4	10	7	6	9	3	7	1	2	0	0	0	0	0	0	0	0	0	0	0	0	0	0	0	0
LFQ	48	0	18	82	1	1	1	3	0	0	3	0	1	0	0	0	0	0	0	0	0	0	0	0	0	0	0	0	0	0	0	0	0	0	0	0	0	0	0	0	0	0	0
# GC Content of first fragments. Use `grep ^GCF | cut -f 2-` to extract this part.
GCF	1.01	1
GCF	2.26	2
GCF	4.02	1
GCF	6.28	2
GCF	7.54	3
GCF	8.29	21
GCF	9.05	23
GCF	9.80	22
GCF	10.30	23
GCF	10.80	26
GCF	11.56	43
GCF	12.31	42
GCF	13.07	50
GCF	13.82	84
GCF	14.32	86
GCF	15.08	124
GCF	16.08	125
GCF	16.83	216
GCF	17.34	229
GCF	18.09	230
GCF	18.84	231
GCF	19.35	386
GCF	20.10	391
GCF	20.85	392
GCF	21.61	461
GCF	22.36	557
GCF	22.86	571
GCF	23.37	644
GCF	24.12	645
GCF	24.87	864
GCF	25.38	932
GCF	25.88	933
GCF	26.38	935
GCF	26.88	933
GCF	27.39	924
GCF	27.89	1192
GCF	28.39	1206
GCF	28.89	1205
GCF	29.40	1204
GCF	29.90	1288
GCF	30.65	1353
GCF	31.41	1345
GCF	31.91	1344
GCF	32.41	1331
GCF	32.91	1332
GCF	33.42	1461
GCF	33.92	1483
GCF	34.42	1487
GCF	34.92	1486
GCF	35.43	1482
GCF	36.18	1528
GCF	36.93	1530
GCF	37.44	1532
GCF	37.94	1535
GCF	38.44	1471
GCF	38.94	1417
GCF	39.45	1411
GCF	39.95	1408
GCF	40.45	1332
GCF	40.95	1325
GCF	41.46	1173
GCF	41.96	1176
GCF	42.46	1135
GCF	42.96	1121
GCF	43.47	1119
GCF	43.97	1120
GCF	44.47	903
GCF	44.97	867
GCF	45.48	868
GCF	46.23	863
GCF	46.98	769
GCF	47.74	784
GCF	48.49	772
GCF	49.25	737
GCF	50.25	596
GCF	51.01	577
GCF	51.51	585
GCF	52.01	583
GCF	52.51	572
GCF	53.52	476
GCF	54.77	468
GCF	55.53	393
GCF	56.53	392
GCF	57.54	361
GCF	58.04	360
GCF	58.54	278
GCF	59.05	277
GCF	59.55	273
GCF	60.30	266
GCF	61.06	188
GCF	61.56	176
GCF	62.06	177
GCF	62.56	174
GCF	63.32	172
GCF	64.32	135
GCF	65.08	134
GCF	65.58	129
GCF	66.08	106
GCF	66.83	62
GCF	67.59	61
GCF	68.09	63
GCF	68.84	66
GCF	69.60	52
GCF	70.10	45
GCF	70.85	43
GCF	71.61	45
GCF	72.11	30
GCF	73.12	32
GCF	74.12	30
GCF	74.62	27
GCF	75.63	19
GCF	76.88	17
GCF	78.64	14
GCF	80.15	12
GCF	81.41	3
GCF	82.66	2
GCF	83.92	4
GCF	85.43	5
GCF	86.43	3
GCF	87.69	1
# GC Content of last fragments. Use `grep ^GCL | cut -f 2-` to extract this part.
GCL	1.26	0
GCL	4.02	1
GCL	6.78	0
GCL	8.79	3
GCL	10.05	5
GCL	10.80	6
GCL	11.56	19
GCL	12.31	21
GCL	13.07	23
GCL	14.07	37
GCL	15.58	40
GCL	16.83	75
GCL	17.84	83
GCL	18.84	82
GCL	19.35	163
GCL	20.10	165
GCL	21.36	168
GCL	22.36	238
GCL	22.86	239
GCL	23.87	246
GCL	24.87	420
GCL	25.88	423
GCL	26.88	420
GCL	27.39	423
GCL	28.64	577
GCL	29.90	594
GCL	30.65	693
GCL	31.41	692
GCL	31.91	691
GCL	32.66	684
GCL	33.42	727
GCL	34.17	739
GCL	34.92	745
GCL	35.43	751
GCL	36.43	729
GCL	37.69	728
GCL	38.44	732
GCL	39.20	724
GCL	39.95	723
GCL	40.70	716
GCL	41.71	638
GCL	42.96	613
GCL	43.97	612
GCL	44.47	478
GCL	45.23	483
GCL	46.23	485
GCL	46.98	412
GCL	47.49	396
GCL	48.24	395
GCL	49.25	394
GCL	50.25	317
GCL	51.26	312
GCL	52.01	313
GCL	52.51	300
GCL	53.27	282
GCL	54.27	284
GCL	55.03	287
GCL	55.53	253
GCL	56.53	249
GCL	57.79	233
GCL	58.79	155
GCL	59.55	158
GCL	60.30	153
GCL	61.06	109
GCL	61.81	106
GCL	63.07	105
GCL	64.32	75
GCL	65.33	78
GCL	66.08	80
GCL	66.83	52
GCL	67.59	44
GCL	68.59	41
GCL	69.60	26
GCL	70.85	32
GCL	72.11	18
GCL	73.62	15
GCL	76.13	20
GCL	78.64	8
GCL	80.15	6
GCL	81.41	4
GCL	82.66	5
GCL	83.92	3
GCL	85.43	1
GCL	87.19	3
GCL	91.21	0
GCL	95.48	1
# ACGT content per cycle. Use `grep ^GCC | cut -f 2-` to extract this part. The columns are: cycle; A,C,G,T base counts as a percentage of all A/C/G/T bases [%]; and N and O counts as a percentage of all A/C/G/T bases [%]
GCC	1	34.62	18.09	16.10	31.19	0.01	0.00
GCC	2	33.11	19.64	17.60	29.65	0.00	0.00
GCC	3	33.62	19.60	17.69	29.09	0.01	0.00
GCC	4	32.00	20.40	18.50	29.09	0.00	0.00
GCC	5	33.04	19.56	17.97	29.43	0.00	0.00
GCC	6	32.26	20.61	18.28	28.86	0.00	0.00
GCC	7	33.26	19.78	17.57	29.39	0.00	0.00
GCC	8	33.07	20.08	17.94	28.90	0.00	0.00
GCC	9	33.13	19.39	18.10	29.38	0.00	0.00
GCC	10	33.08	19.61	18.12	29.20	0.00	0.00
GCC	11	33.12	19.96	17.48	29.44	0.00	0.00
GCC	12	32.89	20.11	17.75	29.25	0.00	0.00
GCC	13	32.90	20.21	17.84	29.04	0.00	0.00
GCC	14	32.78	20.12	18.10	29.01	0.01	0.00
GCC	15	32.48	20.17	18.35	28.99	0.01	0.00
GCC	16	32.59	19.02	18.56	29.83	0.00	0.00
GCC	17	33.54	19.94	17.84	28.68	0.00	0.00
GCC	18	32.60	20.42	18.00	28.99	0.02	0.00
GCC	19	32.91	20.06	17.91	29.12	0.03	0.00
GCC	20	32.68	20.07	18.07	29.19	0.01	0.00
GCC	21	33.06	19.74	17.74	29.47	0.01	0.00
GCC	22	32.91	20.09	18.19	28.81	0.00	0.00
GCC	23	33.03	19.68	18.05	29.23	0.01	0.00
GCC	24	33.12	19.74	18.07	29.08	0.01	0.00
GCC	25	32.55	19.95	18.06	29.44	0.01	0.00
GCC	26	33.41	19.93	17.83	28.83	0.01	0.00
GCC	27	32.51	19.89	18.25	29.35	0.00	0.00
GCC	28	32.61	20.14	18.01	29.23	0.01	0.00
GCC	29	32.97	19.98	17.74	29.31	0.02	0.00
GCC	30	32.88	20.37	17.87	28.88	0.03	0.00
GCC	31	33.23	19.88	17.76	29.12	0.01	0.00
GCC	32	32.22	20.13	18.18	29.48	0.02	0.00
GCC	33	32.87	19.74	18.26	29.13	0.03	0.00
GCC	34	32.73	19.83	18.08	29.36	0.84	0.00
GCC	35	32.97	19.40	17.74	29.89	0.75	0.00
GCC	36	33.06	19.93	17.18	29.83	0.70	0.00
GCC	37	34.53	18.46	17.29	29.71	0.21	0.00
GCC	38	35.44	18.52	16.99	29.05	0.01	0.00
GCC	39	35.95	17.84	17.29	28.92	0.04	0.00
GCC	40	33.87	18.57	17.23	30.33	0.00	0.00
GCC	41	36.72	16.92	14.32	32.04	0.14	0.00
GCC	42	35.26	16.93	14.16	33.65	3.76	0.00
GCC	43	36.94	16.07	14.84	32.15	0.19	0.00
GCC	44	36.68	15.80	15.36	32.16	0.38	0.00
GCC	45	36.68	15.97	14.71	32.64	0.46	0.00
GCC	46	38.53	16.09	13.25	32.12	0.84	0.00
GCC	47	39.74	15.10	12.39	32.78	0.72	0.00
GCC	48	36.80	13.35	12.76	37.09	0.00	0.00
GCC	49	35.90	20.51	15.38	28.21	0.00	0.00
GCC	50	31.90	18.97	12.93	36.21	0.86	0.00
GCC	51	37.93	20.69	12.93	28.45	0.86	0.00
GCC	52	25.86	17.24	20.69	36.21	0.00	0.00
GCC	53	32.76	20.69	17.24	29.31	0.00	0.00
GCC	54	25.86	13.79	25.86	34.48	0.00	0.00
GCC	55	32.76	20.69	22.41	24.14	0.00	0.00
GCC	56	25.86	22.41	17.24	34.48	0.00	0.00
GCC	57	34.48	15.52	17.24	32.76	0.00	0.00
GCC	58	27.59	15.52	18.97	37.93	0.00	0.00
GCC	59	39.66	17.24	20.69	22.41	0.00	0.00
GCC	60	31.03	24.14	15.52	29.31	0.00	0.00
GCC	61	26.32	24.56	15.79	33.33	1.75	0.00
GCC	62	27.59	31.03	13.79	27.59	0.00	0.00
GCC	63	25.86	22.41	18.97	32.76	0.00	0.00
GCC	64	31.03	12.07	17.24	39.66	0.00	0.00
GCC	65	29.82	28.07	24.56	17.54	1.75	0.00
GCC	66	31.03	31.03	20.69	17.24	0.00	0.00
GCC	67	29.31	22.41	17.24	31.03	0.00	0.00
GCC	68	36.21	24.14	12.07	27.59	0.00	0.00
GCC	69	20.69	27.59	20.69	31.03	0.00	0.00
GCC	70	29.82	24.56	14.04	31.58	1.75	0.00
GCC	71	15.52	22.41	25.86	36.21	0.00	0.00
GCC	72	20.69	22.41	24.14	32.76	0.00	0.00
GCC	73	25.86	22.41	29.31	22.41	0.00	0.00
GCC	74	22.41	31.03	15.52	31.03	0.00	0.00
GCC	75	24.56	29.82	22.81	22.81	1.75	0.00
GCC	76	36.84	24.56	10.53	28.07	1.75	0.00
# ACGT content per cycle, read oriented. Use `grep ^GCT | cut -f 2-` to extract this part. The columns are: cycle; A,C,G,T base counts as a percentage of all A/C/G/T bases [%]
GCT	1	32.13	17.55	16.64	33.68
GCT	2	32.13	18.05	19.19	30.63
GCT	3	31.95	17.85	19.44	30.76
GCT	4	31.16	19.04	19.86	29.94
GCT	5	31.74	18.39	19.14	30.72
GCT	6	31.31	19.24	19.65	29.80
GCT	7	31.46	18.23	19.13	31.18
GCT	8	31.43	18.83	19.20	30.55
GCT	9	31.19	19.03	18.45	31.33
GCT	10	31.29	19.04	18.68	30.98
GCT	11	32.00	18.85	18.58	30.57
GCT	12	31.16	18.91	18.94	30.99
GCT	13	30.39	19.50	18.55	31.55
GCT	14	30.71	19.27	18.94	31.07
GCT	15	30.21	19.67	18.86	31.26
GCT	16	30.66	19.22	18.36	31.76
GCT	17	30.34	18.99	18.79	31.88
GCT	18	30.52	19.52	18.89	31.06
GCT	19	30.84	19.14	18.83	31.19
GCT	20	30.62	19.24	18.90	31.24
GCT	21	30.91	18.99	18.49	31.61
GCT	22	30.48	19.77	18.51	31.24
GCT	23	31.62	19.15	18.59	30.65
GCT	24	30.69	19.41	18.40	31.50
GCT	25	30.62	19.60	18.41	31.37
GCT	26	30.85	19.34	18.42	31.39
GCT	27	30.65	19.42	18.72	31.21
GCT	28	30.39	19.37	18.79	31.45
GCT	29	30.68	19.32	18.40	31.61
GCT	30	30.29	19.59	18.65	31.47
GCT	31	30.52	19.05	18.59	31.83
GCT	32	30.11	19.57	18.74	31.59
GCT	33	29.98	19.28	18.71	32.03
GCT	34	30.53	19.72	18.19	31.56
GCT	35	30.72	19.02	18.12	32.14
GCT	36	30.51	19.27	17.84	32.38
GCT	37	29.60	19.89	15.86	34.65
GCT	38	28.18	19.30	16.20	36.32
GCT	39	29.14	18.95	16.18	35.73
GCT	40	29.30	18.97	16.83	34.90
GCT	41	24.26	17.80	13.44	44.50
GCT	42	26.39	17.76	13.33	42.52
GCT	43	25.52	17.71	13.20	43.56
GCT	44	24.04	17.30	13.85	44.81
GCT	45	24.42	17.55	13.13	44.91
GCT	46	24.51	16.78	12.56	46.15
GCT	47	23.49	14.94	12.55	49.02
GCT	48	31.16	14.84	11.28	42.73
GCT	49	31.62	18.80	17.09	32.48
GCT	50	36.21	12.07	19.83	31.90
GCT	51	26.72	18.97	14.66	39.66
GCT	52	36.21	22.41	15.52	25.86
GCT	53	34.48	20.69	17.24	27.59
GCT	54	32.76	15.52	24.14	27.59
GCT	55	32.76	29.31	13.79	24.14
GCT	56	24.14	18.97	20.69	36.21
GCT	57	34.48	13.79	18.97	32.76
GCT	58	36.21	22.41	12.07	29.31
GCT	59	43.10	18.97	18.97	18.97
GCT	60	31.03	25.86	13.79	29.31
GCT	61	33.33	26.32	14.04	26.32
GCT	62	32.76	20.69	24.14	22.41
GCT	63	25.86	20.69	20.69	32.76
GCT	64	32.76	15.52	13.79	37.93
GCT	65	24.56	31.58	21.05	22.81
GCT	66	24.14	32.76	18.97	24.14
GCT	67	37.93	18.97	20.69	22.41
GCT	68	27.59	13.79	22.41	36.21
GCT	69	27.59	22.41	25.86	24.14
GCT	70	28.07	21.05	17.54	33.33
GCT	71	31.03	22.41	25.86	20.69
GCT	72	22.41	18.97	27.59	31.03
GCT	73	27.59	32.76	18.97	20.69
GCT	74	17.24	24.14	22.41	36.21
GCT	75	35.09	21.05	31.58	12.28
GCT	76	42.11	17.54	17.54	22.81
# ACGT content per cycle for first fragments. Use `grep ^FBC | cut -f 2-` to extract this part. The columns are: cycle; A,C,G,T base counts as a percentage of all A/C/G/T bases [%]; and N and O counts as a percentage of all A/C/G/T bases [%]
FBC	1	34.62	18.10	16.04	31.23	0.00	0.00
FBC	2	33.09	19.69	17.60	29.62	0.00	0.00
FBC	3	33.66	19.65	17.61	29.09	0.01	0.00
FBC	4	32.14	19.97	18.22	29.67	0.00	0.00
FBC	5	33.45	19.35	17.71	29.49	0.00	0.00
FBC	6	32.72	20.16	18.07	29.06	0.01	0.00
FBC	7	33.71	19.65	17.03	29.61	0.01	0.00
FBC	8	33.56	19.88	17.62	28.94	0.00	0.00
FBC	9	33.16	19.23	17.85	29.76	0.01	0.00
FBC	10	33.23	19.43	18.03	29.31	0.00	0.00
FBC	11	33.29	19.92	17.05	29.74	0.00	0.00
FBC	12	33.20	20.10	17.34	29.35	0.00	0.00
FBC	13	33.05	19.79	17.74	29.41	0.00	0.00
FBC	14	33.20	20.22	18.01	28.57	0.02	0.00
FBC	15	32.77	20.11	18.21	28.91	0.02	0.00
FBC	16	32.81	19.05	18.15	29.99	0.00	0.00
FBC	17	33.69	19.66	17.83	28.82	0.01	0.00
FBC	18	32.64	20.21	18.12	29.03	0.03	0.00
FBC	19	33.11	19.98	17.55	29.36	0.04	0.00
FBC	20	33.21	19.85	17.52	29.43	0.01	0.00
FBC	21	32.98	19.53	17.58	29.91	0.02	0.00
FBC	22	33.16	19.65	18.54	28.65	0.01	0.00
FBC	23	33.69	19.03	17.84	29.44	0.01	0.00
FBC	24	33.32	19.72	17.88	29.08	0.01	0.00
FBC	25	32.63	19.84	18.00	29.53	0.01	0.00
FBC	26	33.45	19.88	17.40	29.28	0.01	0.00
FBC	27	32.82	19.46	18.53	29.19	0.01	0.00
FBC	28	32.83	19.77	17.91	29.49	0.01	0.00
FBC	29	32.88	19.86	17.96	29.30	0.03	0.00
FBC	30	32.64	20.38	17.95	29.04	0.03	0.00
FBC	31	33.36	20.01	17.70	28.93	0.01	0.00
FBC	32	32.29	20.07	18.25	29.39	0.03	0.00
FBC	33	33.18	19.83	18.16	28.84	0.04	0.00
FBC	34	32.85	19.68	18.11	29.36	1.10	0.00
FBC	35	32.93	19.24	17.61	30.22	1.08	0.00
FBC	36	33.17	19.69	17.29	29.85	0.98	0.00
FBC	37	34.96	18.53	16.97	29.53	0.24	0.00
FBC	38	35.56	18.85	17.23	28.36	0.01	0.00
FBC	39	36.14	17.82	17.40	28.64	0.04	0.00
FBC	40	33.71	18.62	17.17	30.49	0.00	0.00
FBC	41	36.74	16.90	14.24	32.11	0.15	0.00
FBC	42	35.32	16.88	14.06	33.74	4.03	0.00
FBC	43	37.10	16.09	14.87	31.95	0.20	0.00
FBC	44	36.70	15.67	15.40	32.23	0.40	0.00
FBC	45	36.87	16.09	14.49	32.56	0.49	0.00
FBC	46	38.41	16.08	13.30	32.20	0.89	0.00
FBC	47	39.80	15.07	12.40	32.73	0.77	0.00
FBC	48	34.80	15.42	15.86	33.92	0.00	0.00
FBC	49	35.90	20.51	15.38	28.21	0.00	0.00
FBC	50	31.90	18.97	12.93	36.21	0.86	0.00
FBC	51	37.93	20.69	12.93	28.45	0.86	0.00
FBC	52	25.86	17.24	20.69	36.21	0.00	0.00
FBC	53	32.76	20.69	17.24	29.31	0.00	0.00
FBC	54	25.86	13.79	25.86	34.48	0.00	0.00
FBC	55	32.76	20.69	22.41	24.14	0.00	0.00
FBC	56	25.86	22.41	17.24	34.48	0.00	0.00
FBC	57	34.48	15.52	17.24	32.76	0.00	0.00
FBC	58	27.59	15.52	18.97	37.93	0.00	0.00
FBC	59	39.66	17.24	20.69	22.41	0.00	0.00
FBC	60	31.03	24.14	15.52	29.31	0.00	0.00
FBC	61	26.32	24.56	15.79	33.33	1.75	0.00
FBC	62	27.59	31.03	13.79	27.59	0.00	0.00
FBC	63	25.86	22.41	18.97	32.76	0.00	0.00
FBC	64	31.03	12.07	17.24	39.66	0.00	0.00
FBC	65	29.82	28.07	24.56	17.54	1.75	0.00
FBC	66	31.03	31.03	20.69	17.24	0.00	0.00
FBC	67	29.31	22.41	17.24	31.03	0.00	0.00
FBC	68	36.21	24.14	12.07	27.59	0.00	0.00
FBC	69	20.69	27.59	20.69	31.03	0.00	0.00
FBC	70	29.82	24.56	14.04	31.58	1.75	0.00
FBC	71	15.52	22.41	25.86	36.21	0.00	0.00
FBC	72	20.69	22.41	24.14	32.76	0.00	0.00
FBC	73	25.86	22.41	29.31	22.41	0.00	0.00
FBC	74	22.41	31.03	15.52	31.03	0.00	0.00
FBC	75	24.56	29.82	22.81	22.81	1.75	0.00
FBC	76	36.84	24.56	10.53	28.07	1.75	0.00
# ACGT raw counters for first fragments. Use `grep ^FTC | cut -f 2-` to extract this part. The columns are: A,C,G,T,N base counters
FTC	213107	123715	111518	188376	985
# ACGT content per cycle for last fragments. Use `grep ^LBC | cut -f 2-` to extract this part. The columns are: cycle; A,C,G,T base counts as a percentage of all A/C/G/T bases [%]; and N and O counts as a percentage of all A/C/G/T bases [%]
LBC	1	34.62	18.06	16.21	31.11	0.03	0.00
LBC	2	33.15	19.53	17.61	29.71	0.00	0.00
LBC	3	33.55	19.49	17.87	29.09	0.00	0.00
LBC	4	31.70	21.33	19.10	27.87	0.00	0.00
LBC	5	32.16	20.02	18.52	29.30	0.00	0.00
LBC	6	31.29	21.57	18.72	28.42	0.00	0.00
LBC	7	32.29	20.06	18.73	28.92	0.00	0.00
LBC	8	32.04	20.50	18.63	28.83	0.00	0.00
LBC	9	33.07	19.73	18.63	28.57	0.00	0.00
LBC	10	32.74	19.99	18.30	28.96	0.00	0.00
LBC	11	32.76	20.03	18.41	28.80	0.00	0.00
LBC	12	32.23	20.12	18.60	29.05	0.00	0.00
LBC	13	32.60	21.11	18.05	28.25	0.00	0.00
LBC	14	31.88	19.91	18.28	29.94	0.00	0.00
LBC	15	31.87	20.30	18.65	29.18	0.00	0.00
LBC	16	32.12	18.96	19.42	29.49	0.00	0.00
LBC	17	33.22	20.53	17.87	28.38	0.00	0.00
LBC	18	32.50	20.85	17.74	28.91	0.00	0.00
LBC	19	32.47	20.25	18.67	28.61	0.00	0.00
LBC	20	31.56	20.54	19.23	28.67	0.00	0.00
LBC	21	33.22	20.18	18.09	28.52	0.00	0.00
LBC	22	32.37	21.01	17.47	29.15	0.00	0.00
LBC	23	31.64	21.07	18.49	28.80	0.00	0.00
LBC	24	32.68	19.79	18.47	29.06	0.01	0.00
LBC	25	32.38	20.19	18.18	29.25	0.00	0.00
LBC	26	33.33	20.03	18.75	27.89	0.01	0.00
LBC	27	31.84	20.80	17.65	29.71	0.00	0.00
LBC	28	32.15	20.93	18.23	28.68	0.00	0.00
LBC	29	33.18	20.22	17.28	29.33	0.00	0.00
LBC	30	33.40	20.34	17.71	28.55	0.01	0.00
LBC	31	32.95	19.61	17.90	29.54	0.01	0.00
LBC	32	32.07	20.26	18.02	29.65	0.00	0.00
LBC	33	32.22	19.54	18.48	29.76	0.00	0.00
LBC	34	32.48	20.17	18.00	29.35	0.27	0.00
LBC	35	33.03	19.73	18.03	29.21	0.05	0.00
LBC	36	32.83	20.43	16.94	29.79	0.11	0.00
LBC	37	31.91	18.05	19.23	30.81	0.00	0.00
LBC	38	34.73	16.50	15.50	33.27	0.00	0.00
LBC	39	34.82	17.96	16.59	30.63	0.00	0.00
LBC	40	34.82	18.23	17.59	29.35	0.00	0.00
LBC	41	36.36	17.20	15.48	30.96	0.00	0.00
LBC	42	34.40	17.69	15.48	32.43	0.00	0.00
LBC	43	34.64	15.72	14.50	35.14	0.00	0.00
LBC	44	36.36	17.69	14.74	31.20	0.00	0.00
LBC	45	33.91	14.25	17.94	33.91	0.00	0.00
LBC	46	40.29	16.22	12.53	30.96	0.00	0.00
LBC	47	38.82	15.48	12.29	33.42	0.00	0.00
LBC	48	40.91	9.09	6.36	43.64	0.00	0.00
# ACGT raw counters for last fragments. Use `grep ^LTC | cut -f 2-` to extract this part. The columns are: A,C,G,T,N base counters
LTC	89366	55121	49698	79848	38
# Insert sizes. Use `grep ^IS | cut -f 2-` to extract this part. The columns are: insert size, pairs total, inward oriented pairs, outward oriented pairs, other pairs
IS	0	0	0	0	0
IS	1	0	0	0	0
IS	2	0	0	0	0
IS	3	0	0	0	0
IS	4	0	0	0	0
IS	5	0	0	0	0
IS	6	0	0	0	0
IS	7	0	0	0	0
IS	8	0	0	0	0
IS	9	0	0	0	0
IS	10	0	0	0	0
IS	11	0	0	0	0
IS	12	0	0	0	0
IS	13	0	0	0	0
IS	14	0	0	0	0
IS	15	0	0	0	0
IS	16	0	0	0	0
IS	17	0	0	0	0
IS	18	0	0	0	0
IS	19	0	0	0	0
IS	20	0	0	0	0
IS	21	0	0	0	0
IS	22	0	0	0	0
IS	23	0	0	0	0
IS	24	0	0	0	0
IS	25	0	0	0	0
IS	26	0	0	0	0
IS	27	0	0	0	0
IS	28	0	0	0	0
IS	29	0	0	0	0
IS	30	0	0	0	0
IS	31	0	0	0	0
IS	32	0	0	0	0
IS	33	0	0	0	0
IS	34	0	0	0	0
IS	35	0	0	0	0
IS	36	1	0	1	0
IS	37	0	0	0	0
IS	38	0	0	0	0
IS	39	2	0	2	0
IS	40	1	1	0	0
IS	41	1	1	0	0
IS	42	1	1	0	0
IS	43	1	1	0	0
IS	44	1	1	0	0
IS	45	2	1	1	0
IS	46	0	0	0	0
IS	47	1	0	1	0
IS	48	3	1	2	0
IS	49	3	2	1	0
IS	50	0	0	0	0
IS	51	4	3	1	0
IS	52	2	2	0	0
IS	53	2	2	0	0
IS	54	6	6	0	0
IS	55	3	3	0	0
IS	56	5	5	0	0
IS	57	6	6	0	0
IS	58	3	3	0	0
IS	59	4	4	0	0
IS	60	4	4	0	0
IS	61	5	5	0	0
IS	62	4	4	0	0
IS	63	1	1	0	0
IS	64	12	12	0	0
IS	65	5	5	0	0
IS	66	13	12	1	0
IS	67	11	11	0	0
IS	68	14	13	1	0
IS	69	19	18	1	0
IS	70	19	14	5	0
IS	71	33	26	7	0
IS	72	49	41	8	0
IS	73	46	35	11	0
IS	74	69	54	15	0
IS	75	79	59	20	0
IS	76	83	71	12	0
IS	77	103	103	0	0
IS	78	127	127	0	0
IS	79	120	120	0	0
IS	80	126	126	0	0
IS	81	134	134	0	0
IS	82	143	143	0	0
IS	83	137	137	0	0
IS	84	137	137	0	0
IS	85	135	135	0	0
IS	86	119	119	0	0
IS	87	128	128	0	0
IS	88	134	134	0	0
IS	89	105	105	0	0
IS	90	89	89	0	0
IS	91	82	82	0	0
IS	92	72	72	0	0
IS	93	58	58	0	0
IS	94	60	60	0	0
IS	95	47	47	0	0
IS	96	33	33	0	0
IS	97	33	33	0	0
IS	98	16	16	0	0
IS	99	17	17	0	0
IS	100	16	16	0	0
IS	101	11	11	0	0
IS	102	18	18	0	0
IS	103	9	9	0	0
IS	104	9	9	0	0
IS	105	14	14	0	0
IS	106	5	5	0	0
IS	107	8	8	0	0
IS	108	8	8	0	0
IS	109	5	5	0	0
IS	110	7	7	0	0
IS	111	5	5	0	0
IS	112	11	11	0	0
IS	113	10	10	0	0
IS	114	14	14	0	0
IS	115	10	10	0	0
IS	116	12	12	0	0
IS	117	17	17	0	0
IS	118	19	19	0	0
IS	119	23	23	0	0
IS	120	33	33	0	0
IS	121	22	22	0	0
IS	122	46	46	0	0
IS	123	36	36	0	0
IS	124	49	49	0	0
IS	125	69	69	0	0
IS	126	85	85	0	0
IS	127	80	80	0	0
IS	128	77	77	0	0
IS	129	129	129	0	0
IS	130	106	106	0	0
IS	131	129	129	0	0
IS	132	136	136	0	0
IS	133	138	138	0	0
IS	134	139	139	0	0
IS	135	138	138	0	0
IS	136	152	152	0	0
IS	137	153	153	0	0
IS	138	157	157	0	0
IS	139	156	156	0	0
IS	140	145	145	0	0
IS	141	147	147	0	0
IS	142	138	138	0	0
IS	143	140	140	0	0
IS	144	129	129	0	0
IS	145	142	142	0	0
IS	146	126	126	0	0
IS	147	98	98	0	0
IS	148	117	117	0	0
IS	149	101	101	0	0
IS	150	85	85	0	0
IS	151	86	86	0	0
IS	152	77	77	0	0
IS	153	59	59	0	0
IS	154	66	66	0	0
IS	155	59	59	0	0
IS	156	53	53	0	0
IS	157	57	57	0	0
IS	158	35	35	0	0
IS	159	39	39	0	0
IS	160	32	32	0	0
IS	161	31	31	0	0
IS	162	23	23	0	0
IS	163	18	18	0	0
IS	164	14	14	0	0
IS	165	20	20	0	0
IS	166	8	8	0	0
IS	167	16	16	0	0
IS	168	14	14	0	0
IS	169	4	4	0	0
IS	170	10	10	0	0
IS	171	14	14	0	0
IS	172	12	12	0	0
IS	173	13	13	0	0
IS	174	23	23	0	0
IS	175	19	19	0	0
IS	176	18	18	0	0
IS	177	24	24	0	0
IS	178	31	31	0	0
IS	179	40	40	0	0
IS	180	52	52	0	0
IS	181	34	34	0	0
IS	182	58	58	0	0
IS	183	52	52	0	0
IS	184	58	58	0	0
IS	185	47	47	0	0
IS	186	58	58	0	0
IS	187	68	68	0	0
IS	188	78	78	0	0
IS	189	64	64	0	0
IS	190	63	63	0	0
IS	191	67	67	0	0
IS	192	65	65	0	0
IS	193	64	64	0	0
IS	194	77	77	0	0
IS	195	60	60	0	0
IS	196	75	75	0	0
IS	197	54	54	0	0
IS	198	63	63	0	0
IS	199	50	50	0	0
IS	200	67	67	0	0
IS	201	60	60	0	0
IS	202	43	43	0	0
IS	203	49	49	0	0
IS	204	53	53	0	0
IS	205	39	39	0	0
IS	206	40	40	0	0
IS	207	45	45	0	0
IS	208	39	39	0	0
IS	209	45	45	0	0
IS	210	34	34	0	0
IS	211	37	37	0	0
IS	212	45	45	0	0
IS	213	45	45	0	0
IS	214	48	48	0	0
IS	215	44	44	0	0
IS	216	48	48	0	0
IS	217	56	56	0	0
IS	218	65	65	0	0
IS	219	72	72	0	0
IS	220	62	62	0	0
IS	221	69	69	0	0
IS	222	77	77	0	0
IS	223	82	82	0	0
IS	224	103	103	0	0
IS	225	95	95	0	0
IS	226	109	109	0	0
IS	227	132	132	0	0
IS	228	146	146	0	0
IS	229	138	138	0	0
IS	230	135	135	0	0
IS	231	153	153	0	0
IS	232	168	168	0	0
IS	233	178	178	0	0
IS	234	181	181	0	0
IS	235	151	151	0	0
IS	236	138	138	0	0
IS	237	162	162	0	0
IS	238	167	167	0	0
IS	239	164	164	0	0
IS	240	147	147	0	0
IS	241	125	125	0	0
IS	242	121	121	0	0
IS	243	106	106	0	0
IS	244	101	101	0	0
IS	245	90	90	0	0
IS	246	79	79	0	0
IS	247	82	82	0	0
IS	248	51	51	0	0
IS	249	41	41	0	0
IS	250	35	35	0	0
IS	251	24	24	0	0
# Read lengths. Use `grep ^RL | cut -f 2-` to extract this part. The columns are: read length, count
RL	35	272
RL	36	23951
RL	40	1379
RL	47	6099
RL	48	220
RL	51	2799
RL	76	1422
# Read lengths - first fragments. Use `grep ^FRL | cut -f 2-` to extract this part. The columns are: read length, count
FRL	35	272
FRL	36	8806
FRL	40	689
FRL	47	5764
FRL	48	110
FRL	51	59
FRL	76	58
# Read lengths - last fragments. Use `grep ^LRL | cut -f 2-` to extract this part. The columns are: read length, count
LRL	36	6312
LRL	40	690
LRL	47	297
LRL	48	110
# Mapping qualities for reads !(UNMAP|SECOND|SUPPL|QCFAIL|DUP). Use `grep ^MAPQ | cut -f 2-` to extract this part. The columns are: mapq, count
MAPQ	0	1319
MAPQ	1	27
MAPQ	2	21
MAPQ	3	21
MAPQ	4	15
MAPQ	5	19
MAPQ	6	19
MAPQ	7	15
MAPQ	8	23
MAPQ	9	14
MAPQ	10	126
MAPQ	11	321
MAPQ	12	41
MAPQ	13	23
MAPQ	14	31
MAPQ	15	26
MAPQ	16	26
MAPQ	17	24
MAPQ	18	32
MAPQ	19	59
MAPQ	20	59
MAPQ	21	74
MAPQ	22	103
MAPQ	23	79
MAPQ	24	110
MAPQ	25	148
MAPQ	26	107
MAPQ	27	146
MAPQ	28	103
MAPQ	29	96
MAPQ	30	248
MAPQ	31	38
MAPQ	32	42
MAPQ	33	42
MAPQ	34	31
MAPQ	35	51
MAPQ	36	51
MAPQ	37	80
MAPQ	38	69
MAPQ	39	87
MAPQ	40	88
MAPQ	41	127
MAPQ	42	104
MAPQ	43	132
MAPQ	44	148
MAPQ	45	175
MAPQ	46	174
MAPQ	47	154
MAPQ	48	194
MAPQ	49	150
MAPQ	50	175
MAPQ	51	96
MAPQ	52	130
MAPQ	53	82
MAPQ	54	81
MAPQ	55	78
MAPQ	56	103
MAPQ	57	85
MAPQ	58	89
MAPQ	59	86
MAPQ	60	117
MAPQ	61	105
MAPQ	62	106
MAPQ	63	91
MAPQ	64	110
MAPQ	65	109
MAPQ	66	123
MAPQ	67	138
MAPQ	68	136
MAPQ	69	140
MAPQ	70	168
MAPQ	71	137
MAPQ	72	198
MAPQ	73	217
MAPQ	74	204
MAPQ	75	222
MAPQ	76	272
MAPQ	77	228
MAPQ	78	292
MAPQ	79	368
MAPQ	80	350
MAPQ	81	364
MAPQ	82	443
MAPQ	83	315
MAPQ	84	362
MAPQ	85	362
MAPQ	86	300
MAPQ	87	350
MAPQ	88	339
MAPQ	89	306
MAPQ	90	395
MAPQ	91	281
MAPQ	92	270
MAPQ	93	290
MAPQ	94	293
MAPQ	95	178
MAPQ	96	163
MAPQ	97	226
MAPQ	98	128
MAPQ	99	19898
# Indel distribution. Use `grep ^ID | cut -f 2-` to extract this part. The columns are: length, number of insertions, number of deletions
ID	1	17	22
ID	2	1	1
ID	3	0	1
ID	5	0	1
# Indels per cycle. Use `grep ^IC | cut -f 2-` to extract this part. The columns are: cycle, number of insertions (fwd), .. (rev) , number of deletions (fwd), .. (rev)
IC	9	0	0	1	0
IC	10	0	1	0	1
IC	14	0	0	1	1
IC	17	0	0	0	1
IC	18	0	0	0	1
IC	22	0	0	1	1
IC	23	0	1	0	0
IC	25	0	0	0	1
IC	26	0	0	0	1
IC	29	0	1	0	1
IC	31	0	0	0	1
IC	32	0	0	0	1
IC	37	0	1	0	0
IC	38	3	4	0	0
IC	39	0	1	0	0
# Coverage distribution. Use `grep ^COV | cut -f 2-` to extract this part.
COV	[1-1]	1	24
COV	[2-2]	2	35
COV	[3-3]	3	5
COV	[4-4]	4	10
COV	[5-5]	5	9
COV	[6-6]	6	10
COV	[7-7]	7	42
COV	[8-8]	8	75
COV	[9-9]	9	61
COV	[10-10]	10	75
COV	[11-11]	11	88
COV	[12-12]	12	90
COV	[13-13]	13	94
COV	[14-14]	14	70
COV	[15-15]	15	70
COV	[16-16]	16	76
COV	[17-17]	17	93
COV	[18-18]	18	132
COV	[19-19]	19	149
COV	[20-20]	20	188
COV	[21-21]	21	243
COV	[22-22]	22	307
COV	[23-23]	23	390
COV	[24-24]	24	553
COV	[25-25]	25	662
COV	[26-26]	26	871
COV	[27-27]	27	914
COV	[28-28]	28	1034
COV	[29-29]	29	1313
COV	[30-30]	30	1420
COV	[31-31]	31	1554
COV	[32-32]	32	1741
COV	[33-33]	33	1877
COV	[34-34]	34	1990
COV	[35-35]	35	2023
COV	[36-36]	36	2005
COV	[37-37]	37	2067
COV	[38-38]	38	2052
COV	[39-39]	39	2105
COV	[40-40]	40	1928
COV	[41-41]	41	1815
COV	[42-42]	42	1549
COV	[43-43]	43	1353
COV	[44-44]	44	1183
COV	[45-45]	45	1026
COV	[46-46]	46	957
COV	[47-47]	47	838
COV	[48-48]	48	658
COV	[49-49]	49	579
COV	[50-50]	50	427
COV	[51-51]	51	339
COV	[52-52]	52	269
COV	[53-53]	53	214
COV	[54-54]	54	139
COV	[55-55]	55	93
COV	[56-56]	56	71
COV	[57-57]	57	37
COV	[58-58]	58	39
COV	[59-59]	59	18
COV	[60-60]	60	17
COV	[61-61]	61	14
COV	[62-62]	62	5
COV	[63-63]	63	9
COV	[64-64]	64	8
COV	[65-65]	65	2
COV	[66-66]	66	11
COV	[67-67]	67	2
COV	[69-69]	69	3
COV	[70-70]	70	5
COV	[71-71]	71	4
COV	[72-72]	72	1
COV	[73-73]	73	2
COV	[74-74]	74	2
COV	[75-75]	75	2
COV	[76-76]	76	1
COV	[77-77]	77	1
COV	[79-79]	79	2
# GC-depth. Use `grep ^GCD | cut -f 2-` to extract this part. The columns are: GC%, unique sequence percentiles, 10th, 25th, 50th, 75th and 90th depth percentile
GCD	0.0	50.000	0.000	0.000	0.000	0.000	0.000
GCD	14.9	75.000	0.134	0.134	0.134	0.134	0.134
GCD	24.0	100.000	36.054	36.054	36.054	36.054	36.054
